       NNP   ,   CD   NNS   JJ   MD   VB   DT   NN   IN   .   VBZ   CC   VBD   VBN   RB   TO   PRP   RBR   VBG   WDT   VBP   RP   PRP$   JJS   POS   ``   EX   ''   WP   :   JJR   WRB   NNPS   $   FW   WP$   (   )   PDT   SYM   RBS   UH   LS   #
NNP   4706   0   34   19   132   0   8   5   116   2   0   7   0   4   5   2   0   2   0   5   0   0   0   0   0   0   0   0   0   0   0   0   0   38   0   28   0   0   0   0   0   0   0   0   0
,   0   2525   0   0   0   0   0   0   0   0   0   0   0   0   0   0   0   0   0   0   0   0   0   0   0   0   0   0   0   0   0   0   0   0   0   1   0   0   0   0   0   0   0   0   0
CD   40   0   1272   4   65   0   8   1   15   0   0   0   0   0   3   0   0   2   0   4   0   0   0   0   0   0   0   0   0   0   0   0   0   0   0   0   0   0   0   0   0   0   0   0   0
NNS   167   0   10   2436   36   0   2   0   264   0   0   8   0   0   14   3   0   0   0   11   0   0   0   0   0   0   0   0   0   0   0   0   0   12   0   4   0   0   0   0   0   0   0   0   0
JJ   151   0   29   12   2540   0   8   7   77   3   0   3   3   2   57   28   1   0   0   12   0   3   2   0   0   0   0   0   0   0   0   1   0   0   0   4   0   0   0   6   0   0   0   0   0
MD   0   0   0   0   0   405   0   0   0   0   0   0   0   0   0   0   0   0   0   0   0   0   0   0   0   0   0   0   0   0   0   0   0   0   0   0   0   0   0   0   0   0   0   0   0
VB   7   0   11   0   12   0   1082   0   19   0   0   0   0   1   8   1   0   0   0   11   0   26   0   0   0   0   0   0   0   0   0   0   0   0   0   0   0   0   0   0   0   0   0   0   0
DT   2   0   0   0   0   0   0   3946   3   11   0   0   3   0   0   8   0   0   0   0   3   0   0   0   0   0   0   0   0   0   0   0   0   0   0   2   0   0   0   11   0   0   1   0   0
NN   232   0   17   62   229   0   11   0   5503   1   0   7   2   4   8   2   0   3   0   32   0   9   0   0   0   0   0   0   0   0   0   0   0   0   0   11   0   0   0   0   0   0   0   0   0
IN   3   0   0   0   8   0   0   17   0   4727   0   0   2   1   0   55   2   0   0   2   6   1   21   0   0   0   0   0   0   0   0   0   0   0   0   6   0   0   0   0   1   0   0   0   0
.   0   0   0   0   0   0   0   0   0   0   1917   0   0   0   0   0   0   0   0   0   0   0   0   0   0   0   0   0   0   0   0   0   0   0   0   0   0   0   0   0   0   0   0   0   0
VBZ   16   0   3   26   10   0   5   0   16   0   0   1001   0   12   2   0   0   0   0   2   0   1   0   0   0   3   0   0   0   0   0   0   0   0   0   0   0   0   0   0   0   0   0   0   0
CC   0   0   1   0   0   0   0   0   0   0   0   0   1135   0   0   1   0   0   0   0   0   0   0   0   0   0   0   0   0   0   0   0   0   0   0   0   0   0   0   0   0   0   0   0   0
VBD   17   0   1   3   7   0   8   0   18   0   0   16   0   1338   92   0   0   0   0   17   0   1   0   0   0   0   0   0   0   0   0   0   0   0   0   0   0   0   0   0   0   0   0   0   0
VBN   24   0   12   10   65   0   14   0   15   0   0   1   0   53   782   2   0   0   0   34   0   0   0   0   0   0   0   0   0   0   0   0   0   0   0   0   0   0   0   0   0   0   0   0   0
RB   33   0   3   4   42   0   5   4   18   61   0   7   3   2   14   1226   0   0   4   6   0   2   24   0   0   0   0   3   0   0   0   0   0   0   0   0   0   0   0   0   0   0   2   0   0
TO   0   0   0   0   0   0   0   0   0   0   0   0   0   1   0   0   1014   0   0   0   0   0   0   0   0   0   0   0   0   0   0   0   0   0   0   0   0   0   0   0   0   0   0   0   0
PRP   0   0   1   0   0   0   0   0   1   0   0   0   0   0   0   0   0   924   0   0   0   0   0   3   0   0   0   0   0   0   0   0   0   0   0   0   0   0   0   0   0   0   0   0   0
RBR   0   0   0   0   1   0   1   0   0   0   0   0   0   0   0   7   0   0   44   0   0   0   0   0   0   0   0   0   0   0   0   32   0   0   0   0   0   0   0   0   0   0   0   0   0
VBG   25   0   13   0   71   0   8   0   64   0   0   7   0   7   32   0   0   0   0   512   0   1   0   0   0   0   0   0   0   0   0   0   0   0   0   0   0   0   0   0   0   0   0   0   0
WDT   1   0   0   0   0   0   0   1   0   22   0   0   0   0   0   0   0   0   0   0   175   0   0   0   0   0   0   0   0   0   0   0   0   0   0   0   0   0   0   0   0   0   0   0   0
VBP   5   0   2   3   2   0   57   0   36   0   0   3   0   10   4   0   0   0   0   5   0   590   0   0   0   0   0   0   0   0   0   0   0   0   0   0   0   0   0   0   0   0   0   0   0
RP   0   0   0   0   0   0   0   0   0   24   0   0   0   0   0   12   0   0   0   0   0   0   98   0   0   0   0   0   0   0   0   0   0   0   0   0   0   0   0   0   0   0   0   0   0
PRP$   0   0   0   0   0   0   0   0   0   0   0   0   0   0   0   0   0   1   0   0   0   0   0   403   0   0   0   0   0   0   0   0   0   0   0   0   0   0   0   0   0   0   0   0   0
JJS   1   0   0   0   6   0   0   0   7   0   0   0   0   0   0   0   0   0   0   0   0   0   0   0   67   0   0   0   0   0   0   0   0   0   0   0   0   0   0   0   0   9   0   0   0
POS   0   0   0   0   0   0   0   0   0   0   0   3   0   0   0   0   0   0   0   0   0   0   0   0   0   395   0   0   0   0   0   0   0   0   0   0   0   0   0   0   0   0   0   0   0
``   0   0   0   0   0   0   0   0   0   0   0   0   0   0   0   0   0   0   0   0   0   0   0   0   0   0   402   0   0   0   0   0   0   0   0   0   0   0   0   0   0   0   0   0   0
EX   0   0   0   0   0   0   0   0   0   0   0   0   0   0   0   1   0   0   0   0   0   0   0   0   0   0   0   47   0   0   0   0   0   0   0   0   0   0   0   0   0   0   0   0   0
''   0   0   0   0   0   0   0   0   0   0   0   0   0   0   0   0   0   0   0   0   0   0   0   0   0   2   0   0   391   0   0   0   0   0   0   0   0   0   0   0   0   0   0   0   0
WP   0   0   0   0   0   0   0   0   0   0   0   0   0   0   0   0   0   0   0   0   0   0   0   0   0   0   0   0   0   135   0   0   0   0   0   0   0   0   0   0   0   0   0   0   0
:   0   0   0   0   0   0   0   0   0   0   0   0   0   0   0   0   0   0   0   0   0   0   0   0   0   0   0   0   0   0   285   0   0   0   0   0   0   0   0   0   0   0   0   0   0
JJR   0   0   0   0   10   0   0   0   0   0   0   0   0   0   1   1   0   0   30   0   0   0   0   0   0   0   0   0   0   0   0   113   0   0   0   0   0   0   0   0   0   0   0   0   0
WRB   0   0   0   0   0   0   0   0   0   0   0   1   0   0   0   0   0   0   0   2   0   0   0   0   0   0   0   0   0   0   0   0   88   0   0   0   0   0   0   0   0   0   0   0   0
NNPS   52   0   1   9   3   0   0   0   10   0   0   0   0   0   0   0   0   0   0   2   0   0   0   0   0   0   0   0   0   0   0   0   0   17   0   0   0   0   0   0   0   0   0   0   0
$   0   0   0   0   0   0   0   0   0   0   0   0   0   0   0   0   0   0   0   0   0   0   0   0   0   0   0   0   0   0   0   0   0   0   336   0   0   0   0   0   0   0   0   0   0
FW   1   0   0   0   0   0   0   0   0   1   0   0   0   0   0   0   0   0   0   0   0   0   0   0   0   0   0   0   0   0   0   0   0   0   0   0   0   0   0   0   0   0   0   0   0
WP$   0   0   0   0   0   0   0   0   0   0   0   0   0   0   0   0   0   0   0   0   0   0   0   0   0   0   0   0   0   0   0   0   0   0   0   0   6   0   0   0   0   0   0   0   0
(   0   0   0   0   0   0   0   0   0   0   0   0   0   0   0   0   0   0   0   0   0   0   0   0   0   0   0   0   0   0   0   0   0   0   0   0   0   52   0   0   0   0   0   0   0
)   0   0   0   0   0   0   0   0   0   0   0   0   0   0   0   0   0   0   0   0   0   0   0   0   0   0   0   0   0   0   0   0   0   0   0   0   0   0   55   0   0   0   0   0   0
PDT   0   0   0   0   0   0   0   0   0   0   0   0   0   0   0   0   0   0   0   0   0   0   0   0   0   0   0   0   0   0   0   0   0   0   0   0   0   0   0   9   0   0   0   0   0
SYM   0   0   0   0   0   0   0   0   0   0   0   0   1   0   0   0   0   0   0   0   0   0   0   0   0   0   0   0   0   0   0   0   0   0   0   0   0   0   0   0   0   0   0   0   0
RBS   0   0   0   0   0   0   0   0   0   0   0   0   0   0   0   0   0   0   0   0   0   0   0   0   2   0   0   0   0   0   0   0   0   0   0   0   0   0   0   0   0   17   0   0   0
UH   0   0   0   0   0   0   0   0   0   0   0   0   0   0   1   0   0   0   0   0   0   0   0   0   0   0   0   0   0   0   0   0   0   0   0   0   0   0   0   0   0   0   0   0   0
LS   0   0   1   0   0   0   0   0   0   0   0   0   0   0   0   0   0   0   0   0   0   0   0   0   0   0   0   0   0   0   0   0   0   0   0   0   0   0   0   0   2   0   0   7   0
#   0   0   0   0   0   0   0   0   0   0   0   0   0   0   0   0   0   0   0   0   0   0   0   0   0   0   0   0   0   0   0   0   0   0   0   0   0   0   0   0   0   0   0   0   1
